Classification results
<<DocumentTermMatrix (documents: 67, terms: 33)>>
Non-/sparse entries: 1023/1188
Sparsity           : 54%
Maximal term length: 14
Weighting          : term frequency - inverse document frequency (normalized) (tf-idf)

    Terms
Docs  algorithm       also    approach        base      berlin     charact
  1  0.01468221 0.01409349 0.000000000 0.000000000 0.007861089 0.000000000
  2  0.00000000 0.00000000 0.049972714 0.000000000 0.010069261 0.000000000
  3  0.01535570 0.00000000 0.020401704 0.012029373 0.008221690 0.000000000
  4  0.00000000 0.02921196 0.020216234 0.047680061 0.000000000 0.000000000
  5  0.00000000 0.00000000 0.013559669 0.000000000 0.000000000 0.019955163
  6  0.00000000 0.00000000 0.000000000 0.015990264 0.000000000 0.000000000
  7  0.01468221 0.01409349 0.000000000 0.000000000 0.007861089 0.000000000
  8  0.00000000 0.02852055 0.000000000 0.000000000 0.000000000 0.004841193
  9  0.00000000 0.00000000 0.030602556 0.012029373 0.000000000 0.000000000
  10 0.00000000 0.00000000 0.033190832 0.000000000 0.000000000 0.000000000
  11 0.06563811 0.00000000 0.000000000 0.000000000 0.000000000 0.000000000
  12 0.00000000 0.00000000 0.000000000 0.021495110 0.014691216 0.000000000
  13 0.01297497 0.00000000 0.000000000 0.030493063 0.006947009 0.025369354
  14 0.00000000 0.00000000 0.000000000 0.017252654 0.011791634 0.010765285
  15 0.01468221 0.01409349 0.000000000 0.000000000 0.007861089 0.000000000
  16 0.11412080 0.00000000 0.000000000 0.000000000 0.010183684 0.009297292
  17 0.00000000 0.01036553 0.000000000 0.000000000 0.005781704 0.031670775
  18 0.00000000 0.00000000 0.009265774 0.000000000 0.007468035 0.013636028
  19 0.00000000 0.00000000 0.033693724 0.000000000 0.006789123 0.012396389
  20 0.00000000 0.00000000 0.000000000 0.013379609 0.009144533 0.050091531
  21 0.00000000 0.00000000 0.000000000 0.000000000 0.011489284 0.010489252
  22 0.01249083 0.01198998 0.049786248 0.000000000 0.006687792 0.000000000
  23 0.00000000 0.00000000 0.000000000 0.020328708 0.006947009 0.012684677
  24 0.00000000 0.00000000 0.000000000 0.000000000 0.007659523 0.048949844
  25 0.13283903 0.00000000 0.035298187 0.000000000 0.014224828 0.012986693
  26 0.00000000 0.00000000 0.000000000 0.000000000 0.008073551 0.036854130
  27 0.00000000 0.00000000 0.000000000 0.000000000 0.012446725 0.011363357
  28 0.00000000 0.00000000 0.000000000 0.000000000 0.000000000 0.049585556
  29 0.00000000 0.00000000 0.038786961 0.000000000 0.000000000 0.009513508
  30 0.00000000 0.00000000 0.013559669 0.000000000 0.000000000 0.049887907
  31 0.01521611 0.00000000 0.010108117 0.000000000 0.000000000 0.014875667
  32 0.00000000 0.01010476 0.000000000 0.016493103 0.000000000 0.041165367
  33 0.00000000 0.01890185 0.013081093 0.015425902 0.000000000 0.019250863
  34 0.00000000 0.00000000 0.009668634 0.000000000 0.007792732 0.021343348
  35 0.00000000 0.01198998 0.000000000 0.019570174 0.006687792 0.012211368
  36 0.02340940 0.01123537 0.000000000 0.000000000 0.000000000 0.005721410
  37 0.00000000 0.03089726 0.021382555 0.000000000 0.000000000 0.000000000
  38 0.01249083 0.00000000 0.016595416 0.000000000 0.006687792 0.042739789
  39 0.02340940 0.01123537 0.000000000 0.000000000 0.000000000 0.005721410
  40 0.00000000 0.00000000 0.008236244 0.009712605 0.000000000 0.000000000
  41 0.00000000 0.01473998 0.020401704 0.000000000 0.000000000 0.022518211
  42 0.00000000 0.00000000 0.007267274 0.000000000 0.000000000 0.000000000
  43 0.00000000 0.00000000 0.017933756 0.010574207 0.000000000 0.006598078
  44 0.00000000 0.00000000 0.000000000 0.050430834 0.017233927 0.000000000
  45 0.00000000 0.01709210 0.047314591 0.013948954 0.009533662 0.008703848
  46 0.00000000 0.02231469 0.000000000 0.000000000 0.012446725 0.000000000
  47 0.00000000 0.00000000 0.019855230 0.000000000 0.016002932 0.000000000
  48 0.02536018 0.02434330 0.000000000 0.000000000 0.013578245 0.000000000
  49 0.04523707 0.00000000 0.000000000 0.035437883 0.024220654 0.000000000
  50 0.00000000 0.00000000 0.009265774 0.000000000 0.007468035 0.013636028
  51 0.00000000 0.00000000 0.042357824 0.012487635 0.008534897 0.000000000
  52 0.00000000 0.01115734 0.023164435 0.000000000 0.000000000 0.000000000
  53 0.04033185 0.00000000 0.000000000 0.007898805 0.000000000 0.000000000
  54 0.00000000 0.00000000 0.013559669 0.000000000 0.000000000 0.019955163
  55 0.00000000 0.00000000 0.000000000 0.015990264 0.000000000 0.000000000
  56 0.00000000 0.00000000 0.000000000 0.000000000 0.011343850 0.000000000
  57 0.01535570 0.00000000 0.020401704 0.012029373 0.008221690 0.000000000
  58 0.00000000 0.00000000 0.000000000 0.000000000 0.009238806 0.042173282
  59 0.00000000 0.02852055 0.000000000 0.000000000 0.000000000 0.004841193
  60 0.00000000 0.01010476 0.000000000 0.016493103 0.000000000 0.041165367
  61 0.01923876 0.00000000 0.000000000 0.015071284 0.000000000 0.018808314
  62 0.00000000 0.00000000 0.009668634 0.000000000 0.007792732 0.021343348
  63 0.00000000 0.01198998 0.000000000 0.019570174 0.006687792 0.012211368
  64 0.02340940 0.01123537 0.000000000 0.000000000 0.000000000 0.005721410
  65 0.00000000 0.00000000 0.008236244 0.009712605 0.000000000 0.000000000
  66 0.01371944 0.00000000 0.009113876 0.010747555 0.000000000 0.000000000
  67 0.04033185 0.00000000 0.000000000 0.007898805 0.000000000 0.000000000
    Terms
Docs    classif   classifi    databas    document     experi      featur  heidelberg
  1  0.02936442 0.00000000 0.01409349 0.000000000 0.01409349 0.000000000 0.007861089
  2  0.00000000 0.00000000 0.00000000 0.000000000 0.00000000 0.000000000 0.010069261
  3  0.00000000 0.00000000 0.00000000 0.029341904 0.00000000 0.011548021 0.008221690
  4  0.00000000 0.00000000 0.00000000 0.019383440 0.00000000 0.000000000 0.000000000
  5  0.02041185 0.01959339 0.00000000 0.000000000 0.00000000 0.015350418 0.000000000
  6  0.00000000 0.00000000 0.00000000 0.117009789 0.01959339 0.000000000 0.000000000
  7  0.02936442 0.00000000 0.01409349 0.000000000 0.01409349 0.000000000 0.007861089
  8  0.00000000 0.00000000 0.00000000 0.006308220 0.00000000 0.000000000 0.000000000
  9  0.00000000 0.01473998 0.01473998 0.000000000 0.01473998 0.000000000 0.000000000
  10 0.00000000 0.09591986 0.00000000 0.000000000 0.00000000 0.000000000 0.000000000
  11 0.06563811 0.06300618 0.00000000 0.000000000 0.00000000 0.049362128 0.000000000
  12 0.00000000 0.00000000 0.02633865 0.034953744 0.00000000 0.000000000 0.014691216
  13 0.00000000 0.01245471 0.00000000 0.000000000 0.03736413 0.000000000 0.006947009
  14 0.00000000 0.00000000 0.00000000 0.000000000 0.00000000 0.000000000 0.011791634
  15 0.02936442 0.00000000 0.01409349 0.000000000 0.01409349 0.000000000 0.007861089
  16 0.01902013 0.00000000 0.00000000 0.000000000 0.00000000 0.014303799 0.010183684
  17 0.00000000 0.00000000 0.00000000 0.006877995 0.00000000 0.000000000 0.005781704
  18 0.01394810 0.00000000 0.00000000 0.000000000 0.00000000 0.010489452 0.007468035
  19 0.00000000 0.00000000 0.03651494 0.000000000 0.00000000 0.009535866 0.006789123
  20 0.00000000 0.04918340 0.01639447 0.000000000 0.00000000 0.064221136 0.009144533
  21 0.08583445 0.00000000 0.00000000 0.000000000 0.00000000 0.032275238 0.011489284
  22 0.00000000 0.00000000 0.01198998 0.000000000 0.00000000 0.056361236 0.006687792
  23 0.00000000 0.00000000 0.01245471 0.000000000 0.00000000 0.000000000 0.006947009
  24 0.00000000 0.01373212 0.05492846 0.009111873 0.00000000 0.010758413 0.007659523
  25 0.00000000 0.00000000 0.00000000 0.033844101 0.02550250 0.000000000 0.014224828
  26 0.03015805 0.00000000 0.04342318 0.000000000 0.01447439 0.022679897 0.008073551
  27 0.02324683 0.04462938 0.06694407 0.000000000 0.00000000 0.017482420 0.012446725
  28 0.00000000 0.01622886 0.01622886 0.000000000 0.00000000 0.000000000 0.000000000
  29 0.00000000 0.00000000 0.00000000 0.049585544 0.01868206 0.000000000 0.000000000
  30 0.00000000 0.00000000 0.00000000 0.078006526 0.00000000 0.000000000 0.000000000
  31 0.00000000 0.00000000 0.00000000 0.000000000 0.01460598 0.000000000 0.000000000
  32 0.00000000 0.01010476 0.00000000 0.026819854 0.01010476 0.007916568 0.000000000
  33 0.01969143 0.00000000 0.00000000 0.000000000 0.00000000 0.000000000 0.000000000
  34 0.04366361 0.00000000 0.00000000 0.027811022 0.00000000 0.000000000 0.007792732
  35 0.00000000 0.00000000 0.01198998 0.000000000 0.00000000 0.009393539 0.006687792
  36 0.00000000 0.01123537 0.00000000 0.022365507 0.00000000 0.000000000 0.000000000
  37 0.01609396 0.01544863 0.00000000 0.041003430 0.00000000 0.012103214 0.000000000
  38 0.00000000 0.00000000 0.00000000 0.055691226 0.00000000 0.018787079 0.006687792
  39 0.00000000 0.01123537 0.00000000 0.022365507 0.00000000 0.000000000 0.000000000
  40 0.00000000 0.01190117 0.00000000 0.015793914 0.02380233 0.000000000 0.000000000
  41 0.00000000 0.00000000 0.01473998 0.000000000 0.02947996 0.000000000 0.000000000
  42 0.00000000 0.00000000 0.00000000 0.000000000 0.04200412 0.000000000 0.000000000
  43 0.00000000 0.00000000 0.00000000 0.042987467 0.00000000 0.000000000 0.000000000
  44 0.00000000 0.00000000 0.00000000 0.020501715 0.00000000 0.024206428 0.017233927
  45 0.00000000 0.00000000 0.00000000 0.045365497 0.00000000 0.000000000 0.009533662
  46 0.00000000 0.00000000 0.00000000 0.044420383 0.00000000 0.000000000 0.012446725
  47 0.00000000 0.00000000 0.02869031 0.019037307 0.00000000 0.000000000 0.016002932
  48 0.00000000 0.00000000 0.02434330 0.032305733 0.02434330 0.000000000 0.013578245
  49 0.00000000 0.00000000 0.00000000 0.057626443 0.00000000 0.000000000 0.024220654
  50 0.01394810 0.00000000 0.00000000 0.000000000 0.00000000 0.010489452 0.007468035
  51 0.03188137 0.00000000 0.00000000 0.071072613 0.00000000 0.023975891 0.008534897
  52 0.00000000 0.11157344 0.00000000 0.000000000 0.00000000 0.034964841 0.000000000
  53 0.01008296 0.00967866 0.01935732 0.000000000 0.00000000 0.015165473 0.000000000
  54 0.02041185 0.01959339 0.00000000 0.000000000 0.00000000 0.015350418 0.000000000
  55 0.00000000 0.00000000 0.00000000 0.117009789 0.01959339 0.000000000 0.000000000
  56 0.04237397 0.00000000 0.02033744 0.000000000 0.02033744 0.000000000 0.011343850
  57 0.00000000 0.00000000 0.00000000 0.029341904 0.00000000 0.011548021 0.008221690
  58 0.05176614 0.01656348 0.00000000 0.000000000 0.01656348 0.000000000 0.009238806
  59 0.00000000 0.00000000 0.00000000 0.006308220 0.00000000 0.000000000 0.000000000
  60 0.00000000 0.01010476 0.00000000 0.026819854 0.01010476 0.007916568 0.000000000
  61 0.00000000 0.00000000 0.01846733 0.000000000 0.01846733 0.014468210 0.000000000
  62 0.04366361 0.00000000 0.00000000 0.027811022 0.00000000 0.000000000 0.007792732
  63 0.00000000 0.00000000 0.01198998 0.000000000 0.00000000 0.009393539 0.006687792
  64 0.00000000 0.01123537 0.00000000 0.022365507 0.00000000 0.000000000 0.000000000
  65 0.00000000 0.01190117 0.00000000 0.015793914 0.02380233 0.000000000 0.000000000
  66 0.00000000 0.00000000 0.00000000 0.000000000 0.01316932 0.010317494 0.000000000
  67 0.01008296 0.00967866 0.01935732 0.000000000 0.00000000 0.015165473 0.000000000
    Terms
Docs        imag      improv      inform      learn      method       paper
  1  0.000000000 0.035938144 0.000000000 0.07046744 0.043061141 0.003703798
  2  0.000000000 0.000000000 0.000000000 0.00000000 0.000000000 0.004744191
  3  0.000000000 0.000000000 0.000000000 0.02947996 0.007506070 0.003873697
  4  0.000000000 0.024829990 0.028045950 0.02921196 0.044627001 0.000000000
  5  0.000000000 0.000000000 0.037622615 0.01959339 0.000000000 0.000000000
  6  0.000000000 0.000000000 0.018811308 0.01959339 0.009977581 0.000000000
  7  0.000000000 0.035938144 0.000000000 0.07046744 0.043061141 0.003703798
  8  0.046551539 0.000000000 0.000000000 0.00000000 0.000000000 0.002498420
  9  0.000000000 0.012528894 0.000000000 0.00000000 0.000000000 0.000000000
  10 0.000000000 0.000000000 0.023022795 0.00000000 0.000000000 0.000000000
  11 0.000000000 0.000000000 0.000000000 0.00000000 0.016042386 0.008279078
  12 0.000000000 0.000000000 0.000000000 0.00000000 0.040237460 0.000000000
  13 0.000000000 0.000000000 0.000000000 0.01245471 0.000000000 0.003273124
  14 0.000000000 0.000000000 0.000000000 0.00000000 0.000000000 0.005555697
  15 0.000000000 0.035938144 0.000000000 0.07046744 0.043061141 0.003703798
  16 0.014900019 0.000000000 0.000000000 0.00000000 0.000000000 0.014394307
  17 0.008459366 0.000000000 0.009951789 0.00000000 0.036949237 0.002724084
  18 0.043706723 0.034141237 0.051417574 0.00000000 0.020454042 0.007037217
  19 0.079466769 0.010345829 0.000000000 0.01217165 0.000000000 0.003198735
  20 0.080277654 0.013935199 0.000000000 0.00000000 0.033394354 0.004308500
  21 0.016810278 0.000000000 0.000000000 0.00000000 0.000000000 0.005413244
  22 0.000000000 0.010191414 0.000000000 0.00000000 0.000000000 0.003150993
  23 0.010164354 0.052932150 0.000000000 0.01245471 0.000000000 0.000000000
  24 0.033620556 0.000000000 0.000000000 0.00000000 0.000000000 0.000000000
  25 0.041625450 0.000000000 0.000000000 0.00000000 0.012986693 0.000000000
  26 0.035437883 0.000000000 0.000000000 0.01447439 0.051595781 0.007607802
  27 0.000000000 0.018967354 0.000000000 0.00000000 0.090906853 0.005864347
  28 0.000000000 0.013794439 0.000000000 0.00000000 0.033057037 0.004264980
  29 0.030493063 0.015879645 0.000000000 0.00000000 0.009513508 0.000000000
  30 0.000000000 0.000000000 0.000000000 0.03918677 0.000000000 0.000000000
  31 0.000000000 0.024829990 0.028045950 0.00000000 0.000000000 0.003838482
  32 0.000000000 0.000000000 0.000000000 0.00000000 0.015437013 0.000000000
  33 0.000000000 0.000000000 0.000000000 0.00000000 0.000000000 0.004967447
  34 0.034205261 0.000000000 0.000000000 0.00000000 0.007114449 0.003671591
  35 0.029355262 0.000000000 0.000000000 0.00000000 0.018317052 0.003150993
  36 0.009169243 0.009549996 0.010786904 0.01123537 0.000000000 0.002952678
  37 0.037823126 0.013131245 0.014831993 0.00000000 0.015733878 0.004059933
  38 0.009785087 0.000000000 0.046045589 0.00000000 0.006105684 0.003150993
  39 0.009169243 0.009549996 0.010786904 0.01123537 0.000000000 0.002952678
  40 0.000000000 0.010115922 0.011426128 0.00000000 0.006060457 0.006255304
  41 0.000000000 0.000000000 0.028303252 0.00000000 0.000000000 0.007747395
  42 0.000000000 0.017851627 0.010081877 0.00000000 0.000000000 0.000000000
  43 0.042296829 0.011013302 0.000000000 0.00000000 0.019794234 0.003405105
  44 0.000000000 0.000000000 0.059327971 0.03089726 0.000000000 0.008119865
  45 0.013948954 0.014528186 0.000000000 0.00000000 0.000000000 0.000000000
  46 0.000000000 0.000000000 0.021423989 0.00000000 0.022726713 0.005864347
  47 0.000000000 0.000000000 0.055090258 0.00000000 0.029220060 0.007539875
  48 0.019866692 0.000000000 0.000000000 0.00000000 0.000000000 0.006397470
  49 0.000000000 0.000000000 0.000000000 0.00000000 0.044224956 0.011411703
  50 0.043706723 0.034141237 0.051417574 0.00000000 0.020454042 0.007037217
  51 0.049950541 0.000000000 0.000000000 0.00000000 0.007792016 0.004021267
  52 0.000000000 0.000000000 0.000000000 0.00000000 0.000000000 0.005864347
  53 0.000000000 0.000000000 0.000000000 0.00967866 0.000000000 0.002543572
  54 0.000000000 0.000000000 0.037622615 0.01959339 0.000000000 0.000000000
  55 0.000000000 0.000000000 0.018811308 0.01959339 0.009977581 0.000000000
  56 0.000000000 0.051860107 0.000000000 0.04067488 0.051782385 0.005344722
  57 0.000000000 0.000000000 0.000000000 0.02947996 0.007506070 0.003873697
  58 0.000000000 0.028157721 0.000000000 0.00000000 0.050607939 0.004352918
  59 0.046551539 0.000000000 0.000000000 0.00000000 0.000000000 0.002498420
  60 0.000000000 0.000000000 0.000000000 0.00000000 0.015437013 0.000000000
  61 0.000000000 0.000000000 0.000000000 0.00000000 0.018808314 0.004853253
  62 0.034205261 0.000000000 0.000000000 0.00000000 0.007114449 0.003671591
  63 0.029355262 0.000000000 0.000000000 0.00000000 0.018317052 0.003150993
  64 0.009169243 0.009549996 0.010786904 0.01123537 0.000000000 0.002952678
  65 0.000000000 0.010115922 0.011426128 0.00000000 0.006060457 0.006255304
  66 0.000000000 0.000000000 0.012643666 0.00000000 0.006706243 0.003460926
  67 0.000000000 0.000000000 0.000000000 0.00967866 0.000000000 0.002543572
    Terms
Docs     perform     present     problem      propos       rate    recognit
  1  0.006527729 0.000000000 0.000000000 0.049305588 0.01409349 0.008973690
  2  0.016722721 0.014143082 0.000000000 0.000000000 0.07220933 0.000000000
  3  0.000000000 0.000000000 0.000000000 0.025783656 0.00000000 0.004692664
  4  0.013530202 0.045772155 0.000000000 0.000000000 0.00000000 0.000000000
  5  0.000000000 0.000000000 0.000000000 0.000000000 0.00000000 0.006237809
  6  0.009075135 0.000000000 0.000000000 0.000000000 0.00000000 0.006237809
  7  0.006527729 0.000000000 0.000000000 0.049305588 0.01409349 0.008973690
  8  0.000000000 0.007448132 0.000000000 0.000000000 0.00000000 0.006053258
  9  0.020481498 0.000000000 0.000000000 0.008594552 0.02947996 0.000000000
  10 0.000000000 0.000000000 0.023022795 0.000000000 0.00000000 0.007634333
  11 0.000000000 0.000000000 0.060491264 0.036737497 0.00000000 0.020058837
  12 0.000000000 0.000000000 0.000000000 0.015357478 0.00000000 0.000000000
  13 0.017306072 0.000000000 0.000000000 0.000000000 0.00000000 0.015860476
  14 0.009791593 0.016562293 0.000000000 0.012326397 0.04228046 0.033651338
  15 0.006527729 0.000000000 0.000000000 0.049305588 0.01409349 0.008973690
  16 0.016912752 0.000000000 0.000000000 0.042582099 0.01825747 0.017437512
  17 0.009602079 0.000000000 0.000000000 0.024175643 0.01036553 0.009900007
  18 0.031006712 0.020978904 0.000000000 0.023420154 0.00000000 0.021312514
  19 0.005637584 0.009535866 0.000000000 0.021291049 0.01217165 0.003875003
  20 0.000000000 0.000000000 0.000000000 0.019118493 0.01639447 0.015658174
  21 0.009540527 0.016137619 0.059327971 0.012010336 0.00000000 0.006557697
  22 0.000000000 0.000000000 0.000000000 0.000000000 0.00000000 0.007634333
  23 0.040380835 0.000000000 0.011957575 0.007262063 0.03736413 0.015860476
  24 0.006360351 0.021516825 0.000000000 0.000000000 0.00000000 0.013115393
  25 0.011812081 0.019979909 0.000000000 0.000000000 0.00000000 0.008119053
  26 0.006704154 0.000000000 0.027793284 0.042198476 0.00000000 0.013824333
  27 0.010335571 0.000000000 0.000000000 0.052044787 0.02231469 0.021312514
  28 0.000000000 0.012714488 0.000000000 0.018925377 0.01622886 0.020666680
  29 0.008653036 0.000000000 0.017936363 0.032679285 0.01868206 0.005947678
  30 0.000000000 0.030700836 0.018811308 0.000000000 0.00000000 0.006237809
  31 0.006765101 0.022886078 0.014022975 0.000000000 0.00000000 0.013950009
  32 0.000000000 0.007916568 0.000000000 0.011783725 0.01010476 0.022518883
  33 0.000000000 0.029617277 0.018147379 0.011021249 0.00000000 0.012035302
  34 0.019412898 0.021891031 0.013413280 0.000000000 0.00000000 0.017791316
  35 0.005553441 0.000000000 0.000000000 0.013982182 0.00000000 0.000000000
  36 0.000000000 0.000000000 0.053934519 0.000000000 0.00000000 0.032192329
  37 0.000000000 0.012103214 0.014831993 0.000000000 0.00000000 0.000000000
  38 0.011106882 0.018787079 0.000000000 0.006991091 0.00000000 0.000000000
  39 0.000000000 0.000000000 0.053934519 0.000000000 0.00000000 0.032192329
  40 0.005512304 0.018647915 0.011426128 0.000000000 0.00000000 0.000000000
  41 0.006827166 0.000000000 0.000000000 0.000000000 0.01473998 0.000000000
  42 0.009727596 0.008227021 0.000000000 0.000000000 0.00000000 0.000000000
  43 0.006001299 0.000000000 0.000000000 0.015109777 0.00000000 0.004125003
  44 0.000000000 0.024206428 0.000000000 0.000000000 0.00000000 0.000000000
  45 0.015833215 0.026781580 0.000000000 0.009966023 0.00000000 0.005441493
  46 0.000000000 0.000000000 0.042847979 0.000000000 0.00000000 0.007104171
  47 0.000000000 0.000000000 0.027545129 0.016728682 0.00000000 0.000000000
  48 0.000000000 0.019071731 0.046743250 0.000000000 0.00000000 0.000000000
  49 0.000000000 0.000000000 0.000000000 0.000000000 0.00000000 0.000000000
  50 0.031006712 0.020978904 0.000000000 0.023420154 0.00000000 0.021312514
  51 0.000000000 0.000000000 0.000000000 0.026765891 0.00000000 0.000000000
  52 0.005167785 0.000000000 0.021423989 0.026022394 0.00000000 0.003552086
  53 0.004482898 0.000000000 0.009292333 0.000000000 0.00967866 0.000000000
  54 0.000000000 0.000000000 0.000000000 0.000000000 0.00000000 0.006237809
  55 0.009075135 0.000000000 0.000000000 0.000000000 0.00000000 0.006237809
  56 0.009419761 0.000000000 0.000000000 0.047433224 0.02033744 0.006474688
  57 0.000000000 0.000000000 0.000000000 0.025783656 0.00000000 0.004692664
  58 0.023015292 0.000000000 0.000000000 0.019315591 0.01656348 0.026365997
  59 0.000000000 0.007448132 0.000000000 0.000000000 0.00000000 0.006053258
  60 0.000000000 0.007916568 0.000000000 0.011783725 0.01010476 0.022518883
  61 0.008553576 0.000000000 0.000000000 0.021535774 0.03693466 0.023517257
  62 0.019412898 0.021891031 0.013413280 0.000000000 0.00000000 0.017791316
  63 0.005553441 0.000000000 0.000000000 0.013982182 0.00000000 0.000000000
  64 0.000000000 0.000000000 0.053934519 0.000000000 0.00000000 0.032192329
  65 0.005512304 0.018647915 0.011426128 0.000000000 0.00000000 0.000000000
  66 0.000000000 0.010317494 0.000000000 0.000000000 0.00000000 0.000000000
  67 0.004482898 0.000000000 0.009292333 0.000000000 0.00967866 0.000000000
    Terms
Docs      result        set        show springerverlag      system        text
  1  0.017924475 0.01197938 0.012475728   0.0003835209 0.000000000 0.000000000
  2  0.011479720 0.00000000 0.000000000   0.0000000000 0.000000000 0.039074110
  3  0.009373349 0.00000000 0.000000000   0.0004011136 0.000000000 0.000000000
  4  0.000000000 0.00000000 0.000000000   0.0007949341 0.000000000 0.000000000
  5  0.000000000 0.00000000 0.000000000   0.0005331875 0.000000000 0.000000000
  6  0.012459696 0.08327131 0.000000000   0.0005331875 0.034688610 0.014136568
  7  0.017924475 0.01197938 0.012475728   0.0003835209 0.000000000 0.000000000
  8  0.000000000 0.01616153 0.016831160   0.0002587064 0.000000000 0.020577490
  9  0.000000000 0.01252889 0.000000000   0.0004011136 0.052192037 0.000000000
  10 0.015249180 0.02038283 0.000000000   0.0006525579 0.000000000 0.000000000
  11 0.000000000 0.00000000 0.000000000   0.0008572819 0.000000000 0.000000000
  12 0.000000000 0.00000000 0.000000000   0.0007167439 0.000000000 0.057009767
  13 0.000000000 0.02117286 0.000000000   0.0003389254 0.055125310 0.000000000
  14 0.000000000 0.00000000 0.018713592   0.0005752813 0.018713592 0.000000000
  15 0.017924475 0.01197938 0.012475728   0.0003835209 0.000000000 0.000000000
  16 0.000000000 0.00000000 0.016161739   0.0004968338 0.000000000 0.013172711
  17 0.006591581 0.00000000 0.009175697   0.0002820734 0.000000000 0.007478701
  18 0.008514126 0.00000000 0.011851942   0.0003643448 0.000000000 0.057959930
  19 0.000000000 0.00000000 0.000000000   0.0003312226 0.010774492 0.008781808
  20 0.010425460 0.00000000 0.029025163   0.0004461365 0.000000000 0.000000000
  21 0.000000000 0.01750833 0.000000000   0.0005605305 0.000000000 0.000000000
  22 0.007624590 0.02038283 0.010613679   0.0003262789 0.031841037 0.000000000
  23 0.007920117 0.00000000 0.000000000   0.0003389254 0.000000000 0.000000000
  24 0.000000000 0.03501665 0.000000000   0.0003736870 0.012155838 0.000000000
  25 0.000000000 0.00000000 0.022575127   0.0006939901 0.022575127 0.000000000
  26 0.009204460 0.00000000 0.012812910   0.0003938863 0.012812910 0.000000000
  27 0.042570628 0.01896735 0.000000000   0.0006072414 0.000000000 0.000000000
  28 0.010320152 0.00000000 0.000000000   0.0004416301 0.000000000 0.058545384
  29 0.000000000 0.00000000 0.000000000   0.0005083881 0.000000000 0.013479053
  30 0.012459696 0.01665426 0.000000000   0.0005331875 0.017344305 0.000000000
  31 0.000000000 0.00000000 0.012929391   0.0003974671 0.012929391 0.010538169
  32 0.000000000 0.00858899 0.000000000   0.0002749772 0.008944862 0.014581114
  33 0.012019942 0.00000000 0.000000000   0.0005143691 0.000000000 0.013637631
  34 0.000000000 0.00000000 0.000000000   0.0003801859 0.024734487 0.000000000
  35 0.007624590 0.00000000 0.000000000   0.0003262789 0.000000000 0.000000000
  36 0.000000000 0.00000000 0.000000000   0.0003057439 0.009945685 0.000000000
  37 0.000000000 0.01313124 0.000000000   0.0004203979 0.000000000 0.000000000
  38 0.015249180 0.00000000 0.010613679   0.0003262789 0.000000000 0.043253679
  39 0.000000000 0.00000000 0.000000000   0.0003057439 0.009945685 0.000000000
  40 0.022704335 0.00000000 0.010535059   0.0003238621 0.000000000 0.025759969
  41 0.009373349 0.01252889 0.026096018   0.0004011136 0.026096018 0.000000000
  42 0.006677746 0.01785163 0.027886922   0.0000000000 0.000000000 0.000000000
  43 0.008239476 0.00000000 0.011469621   0.0003525918 0.011469621 0.000000000
  44 0.000000000 0.00000000 0.000000000   0.0008407957 0.109402539 0.044584561
  45 0.010869097 0.00000000 0.000000000   0.0004651210 0.000000000 0.012331900
  46 0.000000000 0.00000000 0.000000000   0.0006072414 0.039506472 0.000000000
  47 0.018244555 0.00000000 0.000000000   0.0007807389 0.000000000 0.082799900
  48 0.000000000 0.02069166 0.000000000   0.0006624451 0.000000000 0.000000000
  49 0.000000000 0.07381889 0.038438730   0.0011816588 0.000000000 0.093989075
  50 0.008514126 0.00000000 0.011851942   0.0003643448 0.000000000 0.057959930
  51 0.009730429 0.00000000 0.013545076   0.0004163941 0.000000000 0.011039987
  52 0.014190209 0.01896735 0.019753236   0.0003036207 0.000000000 0.000000000
  53 0.000000000 0.01645361 0.000000000   0.0002633818 0.000000000 0.006983124
  54 0.000000000 0.00000000 0.000000000   0.0005331875 0.000000000 0.000000000
  55 0.012459696 0.08327131 0.000000000   0.0005331875 0.034688610 0.014136568
  56 0.025865698 0.01728670 0.000000000   0.0005534352 0.000000000 0.000000000
  57 0.009373349 0.00000000 0.000000000   0.0004011136 0.000000000 0.000000000
  58 0.000000000 0.00000000 0.000000000   0.0004507358 0.014662196 0.035851503
  59 0.000000000 0.01616153 0.016831160   0.0002587064 0.000000000 0.020577490
  60 0.000000000 0.00858899 0.000000000   0.0002749772 0.008944862 0.014581114
  61 0.000000000 0.00000000 0.000000000   0.0005025446 0.000000000 0.026648244
  62 0.000000000 0.00000000 0.000000000   0.0003801859 0.024734487 0.000000000
  63 0.007624590 0.00000000 0.000000000   0.0003262789 0.000000000 0.000000000
  64 0.000000000 0.00000000 0.000000000   0.0003057439 0.009945685 0.000000000
  65 0.022704335 0.00000000 0.010535059   0.0003238621 0.000000000 0.025759969
  66 0.000000000 0.00000000 0.011657648   0.0003583719 0.011657648 0.019003256
  67 0.000000000 0.01645361 0.000000000   0.0002633818 0.000000000 0.006983124
    Terms
Docs         two         use
  1  0.009753446 0.000000000
  2  0.000000000 0.005071678
  3  0.000000000 0.004141095
  4  0.000000000 0.016413794
  5  0.013559669 0.016513879
  6  0.013559669 0.016513879
  7  0.009753446 0.000000000
  8  0.000000000 0.005341767
  9  0.000000000 0.004141095
  10 0.000000000 0.000000000
  11 0.021801821 0.008850575
  12 0.000000000 0.022198984
  13 0.000000000 0.010497194
  14 0.000000000 0.000000000
  15 0.009753446 0.000000000
  16 0.000000000 0.025646554
  17 0.007173502 0.000000000
  18 0.009265774 0.007522989
  19 0.000000000 0.006839081
  20 0.011345846 0.009211823
  21 0.014255037 0.000000000
  22 0.008297708 0.016842513
  23 0.008619325 0.003499065
  24 0.000000000 0.007715886
  25 0.000000000 0.007164752
  26 0.000000000 0.004066481
  27 0.015442957 0.012538315
  28 0.000000000 0.004559387
  29 0.000000000 0.000000000
  30 0.000000000 0.005504626
  31 0.010108117 0.004103449
  32 0.006993037 0.002838864
  33 0.000000000 0.010620691
  34 0.000000000 0.000000000
  35 0.016595416 0.003368503
  36 0.000000000 0.000000000
  37 0.000000000 0.004340186
  38 0.008297708 0.010105508
  39 0.000000000 0.000000000
  40 0.008236244 0.006687101
  41 0.000000000 0.012423285
  42 0.000000000 0.005900384
  43 0.008966878 0.007280312
  44 0.000000000 0.008680372
  45 0.000000000 0.000000000
  46 0.000000000 0.006269158
  47 0.019855230 0.000000000
  48 0.000000000 0.006839081
  49 0.000000000 0.000000000
  50 0.009265774 0.007522989
  51 0.000000000 0.004298851
  52 0.007721478 0.006269158
  53 0.013396300 0.005438305
  54 0.013559669 0.016513879
  55 0.013559669 0.016513879
  56 0.014074593 0.000000000
  57 0.000000000 0.004141095
  58 0.011462813 0.004653395
  59 0.000000000 0.005341767
  60 0.006993037 0.002838864
  61 0.000000000 0.000000000
  62 0.000000000 0.000000000
  63 0.016595416 0.003368503
  64 0.000000000 0.000000000
  65 0.008236244 0.006687101
  66 0.000000000 0.003699831
  67 0.013396300 0.005438305
Frequent terms in atleast 2 documents
character(0)
Frequent terms in atleast 3 documents
character(0)
Frequent terms in atleast 4 documents
character(0)
Frequent terms in atleast 5 documents
character(0)
#####FINAL RESULYS AFTER CLASSIFICATION#######
   MAXENTROPY_LABEL MAXENTROPY_PROB SVM_LABEL  SVM_PROB GLMNET_LABEL GLMNET_PROB
1                 3       1.0000000         3 0.3426121            3   0.8734245
2                 1       0.9999921         3 0.3554252            1   0.5447546
3                 3       0.9999897         3 0.3554236            3   0.9973233
4                 2       0.9999838         3 0.3544628            2   0.4833333
5                 3       1.0000000         3 0.3486869            3   0.9184922
6                 3       0.9999974         3 0.3585433            3   0.5482317
7                 4       0.9999717         3 0.3461463            4   0.6128323
8                 4       0.9993171         3 0.3498499            4   0.5267857
9                 4       0.5052862         3 0.3607762            4   0.4100461
10                5       1.0000000         3 0.3560528            5   0.9599339
11                5       0.9999991         3 0.3630498            5   0.5128862
12                6       0.9999700         3 0.3685471            6   0.4456825
   SLDA_LABEL SLDA_PROB TREE_LABEL TREE_PROB BAGGING_LABEL BAGGING_PROB
1           1 0.5067590          1 0.4000000             3         0.32
2           1 0.4541585          1 0.3333333             1         0.72
3           3 0.9419566          3 0.8000000             3         0.84
4           5 0.4055949          2 0.5714286             2         0.76
5           3 0.5021748          2 0.4000000             3         0.92
6           3 0.5763743          3 1.0000000             3         0.80
7           3 0.6119719          3 0.8000000             4         0.72
8           3 0.4037886          2 0.4000000             4         0.64
9           4 0.4908810          5 0.7500000             4         0.52
10          5 0.7328010          5 0.7500000             5         0.72
11          5 0.4133531          2 0.5714286             5         0.36
12          2 0.4540893          2 0.5714286             6         0.68
   LOGITBOOST_LABEL LOGITBOOST_PROB FORESTS_LABEL FORESTS_PROB
1                 3    9.999546e-01             3        0.350
2                 1    1.000000e+00             1        0.685
3                 3    9.820138e-01             3        0.660
4                 2    9.999999e-01             2        0.645
5                 3    1.000000e+00             3        0.760
6                 3    9.999546e-01             3        0.660
7                 4    1.000000e+00             4        0.645
8                 4    1.000000e+00             4        0.645
9                 4    5.000000e-01             5        0.505
10                5    1.000000e+00             5        0.760
11                5    3.775136e-11             5        0.355
12                6    1.000000e+00             6        0.675
##################ANALYTICS################
An object of class "analytics"
Slot "label_summary":
  NUM_MANUALLY_CODED NUM_CONSENSUS_CODED NUM_PROBABILITY_CODED PCT_CONSENSUS_CODED
1                  2                   1                     1                  50
2                  2                   1                     1                  50
3                  2                   4                     4                 200
4                  2                   3                     2                 150
5                  2                   2                     3                 100
6                  2                   1                     1                  50
  PCT_PROBABILITY_CODED PCT_CORRECTLY_CODED_CONSENSUS
1                    50                            50
2                    50                            50
3                   200                           100
4                   100                           100
5                   150                            50
6                    50                            50
  PCT_CORRECTLY_CODED_PROBABILITY
1                              50
2                              50
3                             100
4                             100
5                             100
6                              50

Slot "document_summary":
   MAXENTROPY_LABEL MAXENTROPY_PROB SVM_LABEL  SVM_PROB GLMNET_LABEL GLMNET_PROB
1                 3       1.0000000         3 0.3426121            3   0.8734245
2                 1       0.9999921         3 0.3554252            1   0.5447546
3                 3       0.9999897         3 0.3554236            3   0.9973233
4                 2       0.9999838         3 0.3544628            2   0.4833333
5                 3       1.0000000         3 0.3486869            3   0.9184922
6                 3       0.9999974         3 0.3585433            3   0.5482317
7                 4       0.9999717         3 0.3461463            4   0.6128323
8                 4       0.9993171         3 0.3498499            4   0.5267857
9                 4       0.5052862         3 0.3607762            4   0.4100461
10                5       1.0000000         3 0.3560528            5   0.9599339
11                5       0.9999991         3 0.3630498            5   0.5128862
12                6       0.9999700         3 0.3685471            6   0.4456825
   SLDA_LABEL SLDA_PROB TREE_LABEL TREE_PROB BAGGING_LABEL BAGGING_PROB
1           1 0.5067590          1 0.4000000             3         0.32
2           1 0.4541585          1 0.3333333             1         0.72
3           3 0.9419566          3 0.8000000             3         0.84
4           5 0.4055949          2 0.5714286             2         0.76
5           3 0.5021748          2 0.4000000             3         0.92
6           3 0.5763743          3 1.0000000             3         0.80
7           3 0.6119719          3 0.8000000             4         0.72
8           3 0.4037886          2 0.4000000             4         0.64
9           4 0.4908810          5 0.7500000             4         0.52
10          5 0.7328010          5 0.7500000             5         0.72
11          5 0.4133531          2 0.5714286             5         0.36
12          2 0.4540893          2 0.5714286             6         0.68
   LOGITBOOST_LABEL LOGITBOOST_PROB FORESTS_LABEL FORESTS_PROB MANUAL_CODE
1                 3    9.999546e-01             3        0.350           1
2                 1    1.000000e+00             1        0.685           1
3                 3    9.820138e-01             3        0.660           2
4                 2    9.999999e-01             2        0.645           2
5                 3    1.000000e+00             3        0.760           3
6                 3    9.999546e-01             3        0.660           3
7                 4    1.000000e+00             4        0.645           4
8                 4    1.000000e+00             4        0.645           4
9                 4    5.000000e-01             5        0.505           5
10                5    1.000000e+00             5        0.760           5
11                5    3.775136e-11             5        0.355           6
12                6    1.000000e+00             6        0.675           6
   CONSENSUS_CODE CONSENSUS_AGREE CONSENSUS_INCORRECT PROBABILITY_CODE
1               3               6                   1                3
2               1               7                   0                1
3               3               8                   1                3
4               2               6                   0                2
5               3               7                   0                3
6               3               8                   0                3
7               4               5                   0                4
8               4               5                   0                4
9               4               5                   1                5
10              5               7                   0                5
11              5               6                   1                5
12              6               5                   0                6
   PROBABILITY_INCORRECT
1                      1
2                      0
3                      1
4                      0
5                      0
6                      0
7                      0
8                      0
9                      0
10                     0
11                     1
12                     0

Slot "algorithm_summary":
  SVM_PRECISION SVM_RECALL SVM_FSCORE SLDA_PRECISION SLDA_RECALL SLDA_FSCORE
1           NaN          0        NaN           1.00         1.0        1.00
2           NaN          0        NaN           0.00         0.0         NaN
3          0.17          1       0.29           0.40         1.0        0.57
4           NaN          0        NaN           0.00         0.0         NaN
5           NaN          0        NaN           0.33         0.5        0.40
6           NaN          0        NaN            NaN         0.0         NaN
  LOGITBOOST_PRECISION LOGITBOOST_RECALL LOGITBOOST_FSCORE BAGGING_PRECISION
1                 1.00               0.5              0.67              1.00
2                 1.00               0.5              0.67              1.00
3                 0.50               1.0              0.67              0.50
4                 0.67               1.0              0.80              0.67
5                 0.50               0.5              0.50              0.50
6                 1.00               0.5              0.67              1.00
  BAGGING_RECALL BAGGING_FSCORE FORESTS_PRECISION FORESTS_RECALL FORESTS_FSCORE
1            0.5           0.67              1.00            0.5           0.67
2            0.5           0.67              1.00            0.5           0.67
3            1.0           0.67              0.50            1.0           0.67
4            1.0           0.80              1.00            1.0           1.00
5            0.5           0.50              0.67            1.0           0.80
6            0.5           0.67              1.00            0.5           0.67
  GLMNET_PRECISION GLMNET_RECALL GLMNET_FSCORE TREE_PRECISION TREE_RECALL
1             1.00           0.5          0.67           1.00         1.0
2             1.00           0.5          0.67           0.20         0.5
3             0.50           1.0          0.67           0.33         0.5
4             0.67           1.0          0.80            NaN         0.0
5             0.50           0.5          0.50           1.00         1.0
6             1.00           0.5          0.67            NaN         0.0
  TREE_FSCORE MAXENTROPY_PRECISION MAXENTROPY_RECALL MAXENTROPY_FSCORE
1        1.00                 1.00               0.5              0.67
2        0.29                 1.00               0.5              0.67
3        0.40                 0.50               1.0              0.67
4         NaN                 0.67               1.0              0.80
5        1.00                 0.50               0.5              0.50
6         NaN                 1.00               0.5              0.67

Slot "ensemble_summary":
       n-ENSEMBLE COVERAGE n-ENSEMBLE RECALL
n >= 1                1.00              0.67
n >= 2                1.00              0.67
n >= 3                1.00              0.67
n >= 4                1.00              0.67
n >= 5                1.00              0.67
n >= 6                0.67              0.62
n >= 7                0.42              0.80
n >= 8                0.17              0.50

#######################################################################################
ENSEMBLE SUMMARY

       n-ENSEMBLE COVERAGE n-ENSEMBLE RECALL
n >= 1                1.00              0.67
n >= 2                1.00              0.67
n >= 3                1.00              0.67
n >= 4                1.00              0.67
n >= 5                1.00              0.67
n >= 6                0.67              0.62
n >= 7                0.42              0.80
n >= 8                0.17              0.50


ALGORITHM PERFORMANCE

       SVM_PRECISION           SVM_RECALL           SVM_FSCORE       SLDA_PRECISION 
          0.02833333           0.16666667           0.04833333           0.28833333 
         SLDA_RECALL          SLDA_FSCORE LOGITBOOST_PRECISION    LOGITBOOST_RECALL 
          0.41666667           0.32833333           0.77833333           0.66666667 
   LOGITBOOST_FSCORE    BAGGING_PRECISION       BAGGING_RECALL       BAGGING_FSCORE 
          0.66333333           0.77833333           0.66666667           0.66333333 
   FORESTS_PRECISION       FORESTS_RECALL       FORESTS_FSCORE     GLMNET_PRECISION 
          0.86166667           0.75000000           0.74666667           0.77833333 
       GLMNET_RECALL        GLMNET_FSCORE       TREE_PRECISION          TREE_RECALL 
          0.66666667           0.66333333           0.42166667           0.50000000 
         TREE_FSCORE MAXENTROPY_PRECISION    MAXENTROPY_RECALL    MAXENTROPY_FSCORE 
          0.44833333           0.77833333           0.66666667           0.66333333 
